Parameter validations:
{'minMSE': 0.05, 'epochs': 1000, 'dataSize': 70, 'classes': 10, 'alpha': {'value': 0.01, 'min': 0.005, 'max': 0.18, 'step': 0.005}, 'validations': {'value': 50, 'min': 2, 'max': 50, 'step': 2}, 'weightsDeviation': {'value': 0.2, 'min': 0.0, 'max': 1.0, 'step': 0.05}, 'momentum': {'value': 0.9, 'min': 0.0, 'max': 1.0, 'step': 0.05}, 'hiddenNeurons': {'value': 20, 'min': 10, 'max': 70, 'step': 2}, 'dataSetDir': './dataset/', 'dataSetExt': '.png', 'actFunc': <activation_function.SigmoidFunction object at 0x000001A9B460E2B0>}
Range: [ 2  4  6  8 10 12 14 16 18 20 22 24 26 28 30 32 34 36 38 40 42 44 46 48 50]
Accuracies = [83.142201834862391, 85.091743119266042, 85.89287830311649, 85.837155963302749, 84.802955665024626, 86.239174933081401, 85.779723502304151, 85.607798165137609, 86.348558610156559, 86.290491118077327, 85.602704257767542, 85.782914764079138, 85.776153170797599, 86.296722990271391, 85.317553087862862, 87.042297979797979, 86.870064767988637, 85.946948223733941, 86.069158403254505, 86.416490486257942, 86.407001825120261, 86.056235431235422, 86.300946255179696, 85.444819819819827, 85.389915966386539]
Epochs = [167.5, 175.25, 181.16666666666666, 182.625, 205.59999999999999, 199.83333333333334, 215.35714285714286, 211.9375, 196.27777777777777, 218.34999999999999, 203.09090909090909, 210.95833333333334, 204.65384615384616, 213.03571428571428, 200.13333333333333, 219.6875, 209.0, 209.30555555555554, 208.94736842105263, 204.52500000000001, 214.28571428571428, 214.13636363636363, 205.43478260869566, 200.58333333333334, 208.84]

